GRR: [0.13268538903506416, 0.29232669279922674, 0.47188959888310156, 0.5728937335552811, 0.6106427535842776, 0.6183214304891801, 0.6241207109488267, 0.6246039843204639, 0.6264833807657199]
RAPPOR: [0.21376792138753153, 0.4397787681898727, 0.5569457122912528, 0.5967889169306771, 0.6119851796166031, 0.6175696719110777, 0.6231004671642593, 0.6227245878752081, 0.6244965902378778]
OUE: [0.21231810127261988, 0.44128228534607744, 0.548783762014713, 0.5932986092466305, 0.6057563228266123, 0.6148311228051334, 0.6164957310852172, 0.6173548837459056, 0.6191805831498685]
OLH: [0.0648660258819739, 0.09375503409762122, 0.14090103635289697, 0.22762175804113194, 0.327551951887451, 0.4088492724050905, 0.47366160124577134, 0.5324598614616335, 0.5876604199108629]