grr_list =  [0.03569889608905023, 0.1008394193792996, 0.1674870701895634, 0.25332655833658513, 0.3748612173363498, 0.5131680627409552, 0.6219137679088661, 0.7398056483827987, 0.8776749287038615]
rappor_list =  [0.05384429209697473, 0.11474206469158231, 0.17509659193663077, 0.26165397900224724, 0.36584474061982947, 0.4574635700830642, 0.54660231955944, 0.6359428235510652, 0.7812652097020637]
oue_list =  [0.047746095713477744, 0.12570363686068856, 0.20740929037213968, 0.3049327073510442, 0.36805976646221394, 0.39061905192026347, 0.4312415320308886, 0.4892964811385496, 0.5200206825848509]
olh_list =  [0.03756401694908515, 0.023494585815433573, 0.00011904761904761905, 0.12571593875845674, 0.22956208017211083, 0.3561828885007368, 0.5110452470517696, 0.6582050402727024, 0.840746145980398]