grr_list =  [0.07001286899261154, 0.11161843632431834, 0.18067383095800812, 0.2792744669737171, 0.40144443616467446, 0.5345251924852811, 0.6590879047713245, 0.7643773955364974, 0.8981175320644923]
rappor_list =  [0.08423650225794538, 0.12678243631057695, 0.18437278228487214, 0.25753844572768775, 0.3436308604015894, 0.44177864942219747, 0.5388436565833767, 0.6235046634066603, 0.7493207864363951]
oue_list =  [0.08451795840577188, 0.13580071693740475, 0.21313546523466004, 0.30381707550123954, 0.3867955251556705, 0.4522713878221869, 0.4970320698284762, 0.5268810726244372, 0.5555088549246269]
olh_list =  [0.025888209014528277, 0.016767715402698075, 0.0015538841239425786, 0.14618872768480004, 0.24361252521985727, 0.3716959770754203, 0.5158785749360235, 0.6526740821289306, 0.8379827260604579]