GRR: [0.0861343159039556, 0.1507420845873297, 0.24796782268725565, 0.3367085759288949, 0.38648402853955127, 0.40962319166690103, 0.42078961925388386, 0.4264337749275729, 0.4322091900355338]
RAPPOR: [0.12348700062817015, 0.22413485969304045, 0.30427811998987425, 0.35896642571184806, 0.3895217468755567, 0.40445719536091657, 0.4173206199195567, 0.41970204108420295, 0.42878706907058944]
OUE: [0.12334636552002175, 0.2257568512736853, 0.30813152195314036, 0.36281045200123757, 0.3909843520003, 0.40755116774018135, 0.41508920953693546, 0.418464452132497, 0.42438987802248285]
OLH: [0.05673220262706382, 0.07333652106245137, 0.09666319766733233, 0.15139838175868892, 0.2186500904752529, 0.280595167777684, 0.3288986395897205, 0.36452620032064803, 0.40747616234916884]