GRR: [0.11638185032410135, 0.24108721272834413, 0.406673541543901, 0.5446375957572186, 0.6347230406599882, 0.6851060695344726, 0.7144961697112552, 0.7284177961107837, 0.7425604007071303]
RAPPOR: [0.1961549793753683, 0.3720536240424278, 0.5183411903358869, 0.5980406599882145, 0.65571596935769, 0.6809074837949323, 0.6991750147318798, 0.714201532115498, 0.7287860931054803]
OUE: [0.19247200942840306, 0.37197996464348854, 0.5085444902769594, 0.5845609899823218, 0.6363435474366529, 0.666101944608132, 0.6879051266941661, 0.6952710665880967, 0.7114761343547437]
OLH: [0.06555686505598114, 0.08478196817913966, 0.13568061284619917, 0.21781084266352388, 0.3422952268709487, 0.4463022981732469, 0.548099587507366, 0.6194018856806128, 0.6979228049499117]