taxi

GRR: [0.0475338248979884, 0.11741773450736154, 0.18161245933455827, 0.26593583212032995, 0.37208257769187325, 0.495570797639217, 0.6187328986406407, 0.7281714073225635, 0.8776141714590243]
RAPPOR: [0.02686703096539162, 0.037257598173733905, 0.05735094972200348, 0.09276890893327289, 0.12897556891847822, 0.19631241996166113, 0.265692237175969, 0.3647841748792962, 0.5395396850963642]
OUE: [0.03073372785771669, 0.0619101522418689, 0.10525638119327718, 0.17695557027067874, 0.2620313531550019, 0.33960267178912035, 0.4031518700137606, 0.4468053268745874, 0.5012473055416359]
OLH: [0.028247568027616708, 0.022357541699477415, 0.0176258341884013, 0.0834449395884538, 0.18911021229547967, 0.3385228999133001, 0.5093749254301191, 0.6609342313535527, 0.8586868442821803]

geolife

GRR: [0.03553590625948387, 0.12387286596813933, 0.18292363007885437, 0.2779680981847548, 0.38424918599447555, 0.5028573780020472, 0.6330339644769533, 0.7345390388305069, 0.8838968360518289]
RAPPOR: [0.013985978015421096, 0.02351485785123117, 0.03264766548873766, 0.04848798152348914, 0.08930399312789017, 0.09484643200674867, 0.1903126912848685, 0.24490121342118934, 0.4042894104696799]
OUE: [0.01584545982953464, 0.034633170275038705, 0.07199255178515399, 0.10888641986739298, 0.20609899747439675, 0.2928516683898379, 0.35530248085222393, 0.4079337890735511, 0.46987536585240397]
OLH: [0.007299044797308767, 0.004729719303118682, 0.004824879506607205, 0.06253568507630819, 0.15166221728417922, 0.2897859666990726, 0.4486880751405542, 0.6024232417223483, 0.8275980021501063]


brinkhoff

GRR: [0.05479637048802917, 0.12573850205921613, 0.18856135986352124, 0.2689842455956293, 0.38144142372999695, 0.504981529984263, 0.6276323561970785, 0.732380909509325, 0.8842502808857156]
RAPPOR: [0.03652019575185045, 0.04346723673681996, 0.05845913859264084, 0.07375236674349875, 0.12509818368226244, 0.16771472484224006, 0.2413641996801164, 0.3004388523510341, 0.4833365640166795]
OUE: [0.03729280372174722, 0.0542681307939856, 0.09758654173874459, 0.16526277398414913, 0.23913732486557449, 0.3143145607663977, 0.3792411905695894, 0.4576824884407375, 0.49263633866503265]
OLH: [0.023353706543098388, 0.016912856986681928, 0.01219269081625435, 0.0846010320425605, 0.18524860797357148, 0.3224659882537866, 0.4865583668114809, 0.6428079935986536, 0.8436980085822874]