Taxi

GRR: [0.047444838173415736, 0.11932299496504165, 0.18146655093421146, 0.26720153156592774, 0.37357273247906075, 0.4959118305613223, 0.6159934497816594, 0.7256790333357196, 0.878490864692454]
RAPPOR: [0.024300584230160436, 0.0264017149084083, 0.02918615426221554, 0.036187768948703875, 0.053533220384820356, 0.09224194844139007, 0.15075171411299623, 0.23260334391231377, 0.4065763675121897]
OUE: [0.023859627667613206, 0.03507344636138752, 0.06771591460456089, 0.11199103570604751, 0.15340068484978645, 0.1932960682781715, 0.23077439329944877, 0.25798693137980133, 0.29235892372793726]
OLH: [0.02742033948186858, 0.021116947447124983, 0.01761887433284813, 0.08433803819568728, 0.18757481844719656, 0.3364941020195512, 0.506514921930306, 0.6622466612578647, 0.8582138226708347]

Geolife

GRR: [0.031948109398227446, 0.12287239788281407, 0.18196174045440283, 0.2773817055794742, 0.38284750191606354, 0.507432783461671, 0.6275403916485348, 0.7389369833701115, 0.8855582817667906]
RAPPOR: [0.00999182136629477, 0.01227566625001929, 0.015742583933871374, 0.023159936011192896, 0.042780941211569425, 0.07388289636796651, 0.12818079409903863, 0.1837054868858952, 0.33573291359967905]
OUE: [0.009917236341938902, 0.024901110545293686, 0.056249967851282605, 0.09671877330782011, 0.13544640423025683, 0.17441064971271905, 0.2031053089105957, 0.22918434846123378, 0.2575343734086385]
OLH: [0.0058793574371556875, 0.00480173243008297, 0.004902036428354654, 0.06803182980211822, 0.15530916778544204, 0.2870880463353034, 0.4530988791671168, 0.5909268603819782, 0.8265743869882567]

Brinkhoff

GRR: [0.05125946123225918, 0.12208675808734971, 0.18695642987135755, 0.2747709966091605, 0.3853026262240232, 0.508828033634629, 0.6285280669826305, 0.7357928785939821, 0.885337995316581]
RAPPOR: [0.035651126620432676, 0.04003046335348606, 0.04662932547925121, 0.05945039186198521, 0.08401032226296047, 0.11561651084361257, 0.1598784038158198, 0.2127960783485114, 0.3583017690977023]
OUE: [0.039634513252385574, 0.0605436183592232, 0.07307989464603806, 0.10220197864809223, 0.14000464850930758, 0.18377688625207966, 0.21857456126248367, 0.2524278355677107, 0.279455334348166]
OLH: [0.022446971624800992, 0.015035079709073137, 0.011575339382519952, 0.08340583231742887, 0.1829399708411689, 0.31804806705612476, 0.48621018795227655, 0.6418948279362547, 0.840978722505124]